{
 "cells": [
  {
   "cell_type": "code",
   "execution_count": 3,
   "metadata": {},
   "outputs": [
    {
     "data": {
      "text/html": [
       "<div>\n",
       "<style scoped>\n",
       "    .dataframe tbody tr th:only-of-type {\n",
       "        vertical-align: middle;\n",
       "    }\n",
       "\n",
       "    .dataframe tbody tr th {\n",
       "        vertical-align: top;\n",
       "    }\n",
       "\n",
       "    .dataframe thead th {\n",
       "        text-align: right;\n",
       "    }\n",
       "</style>\n",
       "<table border=\"1\" class=\"dataframe\">\n",
       "  <thead>\n",
       "    <tr style=\"text-align: right;\">\n",
       "      <th></th>\n",
       "      <th>GH1</th>\n",
       "      <th>GH3</th>\n",
       "      <th>GH5</th>\n",
       "      <th>GH9</th>\n",
       "      <th>GH44</th>\n",
       "      <th>GH48</th>\n",
       "      <th>GH10</th>\n",
       "      <th>GH11</th>\n",
       "      <th>GH39</th>\n",
       "      <th>GH43</th>\n",
       "      <th>GH67</th>\n",
       "      <th>GH16</th>\n",
       "      <th>GH31</th>\n",
       "      <th>GH2</th>\n",
       "      <th>GH26</th>\n",
       "      <th>GH36</th>\n",
       "      <th>GH88</th>\n",
       "    </tr>\n",
       "  </thead>\n",
       "  <tbody>\n",
       "    <tr>\n",
       "      <th>0</th>\n",
       "      <td>26</td>\n",
       "      <td>67</td>\n",
       "      <td>42</td>\n",
       "      <td>21</td>\n",
       "      <td>7</td>\n",
       "      <td>0</td>\n",
       "      <td>20</td>\n",
       "      <td>2</td>\n",
       "      <td>6</td>\n",
       "      <td>77</td>\n",
       "      <td>5</td>\n",
       "      <td>34</td>\n",
       "      <td>37</td>\n",
       "      <td>63</td>\n",
       "      <td>10</td>\n",
       "      <td>21</td>\n",
       "      <td>34</td>\n",
       "    </tr>\n",
       "    <tr>\n",
       "      <th>1</th>\n",
       "      <td>21</td>\n",
       "      <td>44</td>\n",
       "      <td>50</td>\n",
       "      <td>26</td>\n",
       "      <td>4</td>\n",
       "      <td>0</td>\n",
       "      <td>14</td>\n",
       "      <td>1</td>\n",
       "      <td>4</td>\n",
       "      <td>59</td>\n",
       "      <td>4</td>\n",
       "      <td>17</td>\n",
       "      <td>33</td>\n",
       "      <td>45</td>\n",
       "      <td>21</td>\n",
       "      <td>21</td>\n",
       "      <td>18</td>\n",
       "    </tr>\n",
       "    <tr>\n",
       "      <th>2</th>\n",
       "      <td>24</td>\n",
       "      <td>55</td>\n",
       "      <td>58</td>\n",
       "      <td>21</td>\n",
       "      <td>5</td>\n",
       "      <td>0</td>\n",
       "      <td>20</td>\n",
       "      <td>3</td>\n",
       "      <td>8</td>\n",
       "      <td>64</td>\n",
       "      <td>3</td>\n",
       "      <td>28</td>\n",
       "      <td>37</td>\n",
       "      <td>55</td>\n",
       "      <td>24</td>\n",
       "      <td>14</td>\n",
       "      <td>18</td>\n",
       "    </tr>\n",
       "    <tr>\n",
       "      <th>3</th>\n",
       "      <td>28</td>\n",
       "      <td>62</td>\n",
       "      <td>64</td>\n",
       "      <td>25</td>\n",
       "      <td>4</td>\n",
       "      <td>0</td>\n",
       "      <td>22</td>\n",
       "      <td>0</td>\n",
       "      <td>7</td>\n",
       "      <td>84</td>\n",
       "      <td>5</td>\n",
       "      <td>29</td>\n",
       "      <td>52</td>\n",
       "      <td>42</td>\n",
       "      <td>20</td>\n",
       "      <td>33</td>\n",
       "      <td>16</td>\n",
       "    </tr>\n",
       "    <tr>\n",
       "      <th>4</th>\n",
       "      <td>52</td>\n",
       "      <td>103</td>\n",
       "      <td>65</td>\n",
       "      <td>31</td>\n",
       "      <td>10</td>\n",
       "      <td>0</td>\n",
       "      <td>27</td>\n",
       "      <td>1</td>\n",
       "      <td>8</td>\n",
       "      <td>128</td>\n",
       "      <td>8</td>\n",
       "      <td>45</td>\n",
       "      <td>70</td>\n",
       "      <td>109</td>\n",
       "      <td>30</td>\n",
       "      <td>39</td>\n",
       "      <td>55</td>\n",
       "    </tr>\n",
       "    <tr>\n",
       "      <th>5</th>\n",
       "      <td>19</td>\n",
       "      <td>36</td>\n",
       "      <td>12</td>\n",
       "      <td>12</td>\n",
       "      <td>1</td>\n",
       "      <td>1</td>\n",
       "      <td>14</td>\n",
       "      <td>2</td>\n",
       "      <td>1</td>\n",
       "      <td>26</td>\n",
       "      <td>2</td>\n",
       "      <td>2</td>\n",
       "      <td>15</td>\n",
       "      <td>15</td>\n",
       "      <td>6</td>\n",
       "      <td>12</td>\n",
       "      <td>5</td>\n",
       "    </tr>\n",
       "    <tr>\n",
       "      <th>6</th>\n",
       "      <td>39</td>\n",
       "      <td>68</td>\n",
       "      <td>41</td>\n",
       "      <td>23</td>\n",
       "      <td>9</td>\n",
       "      <td>0</td>\n",
       "      <td>13</td>\n",
       "      <td>1</td>\n",
       "      <td>6</td>\n",
       "      <td>65</td>\n",
       "      <td>5</td>\n",
       "      <td>29</td>\n",
       "      <td>46</td>\n",
       "      <td>63</td>\n",
       "      <td>12</td>\n",
       "      <td>26</td>\n",
       "      <td>40</td>\n",
       "    </tr>\n",
       "    <tr>\n",
       "      <th>7</th>\n",
       "      <td>13</td>\n",
       "      <td>51</td>\n",
       "      <td>55</td>\n",
       "      <td>27</td>\n",
       "      <td>10</td>\n",
       "      <td>0</td>\n",
       "      <td>19</td>\n",
       "      <td>2</td>\n",
       "      <td>10</td>\n",
       "      <td>80</td>\n",
       "      <td>6</td>\n",
       "      <td>27</td>\n",
       "      <td>33</td>\n",
       "      <td>49</td>\n",
       "      <td>29</td>\n",
       "      <td>21</td>\n",
       "      <td>31</td>\n",
       "    </tr>\n",
       "    <tr>\n",
       "      <th>8</th>\n",
       "      <td>20</td>\n",
       "      <td>127</td>\n",
       "      <td>74</td>\n",
       "      <td>45</td>\n",
       "      <td>4</td>\n",
       "      <td>0</td>\n",
       "      <td>36</td>\n",
       "      <td>4</td>\n",
       "      <td>5</td>\n",
       "      <td>91</td>\n",
       "      <td>6</td>\n",
       "      <td>35</td>\n",
       "      <td>60</td>\n",
       "      <td>76</td>\n",
       "      <td>21</td>\n",
       "      <td>54</td>\n",
       "      <td>23</td>\n",
       "    </tr>\n",
       "    <tr>\n",
       "      <th>9</th>\n",
       "      <td>12</td>\n",
       "      <td>54</td>\n",
       "      <td>23</td>\n",
       "      <td>18</td>\n",
       "      <td>1</td>\n",
       "      <td>0</td>\n",
       "      <td>12</td>\n",
       "      <td>7</td>\n",
       "      <td>7</td>\n",
       "      <td>53</td>\n",
       "      <td>5</td>\n",
       "      <td>15</td>\n",
       "      <td>44</td>\n",
       "      <td>28</td>\n",
       "      <td>5</td>\n",
       "      <td>14</td>\n",
       "      <td>14</td>\n",
       "    </tr>\n",
       "    <tr>\n",
       "      <th>10</th>\n",
       "      <td>20</td>\n",
       "      <td>63</td>\n",
       "      <td>48</td>\n",
       "      <td>38</td>\n",
       "      <td>4</td>\n",
       "      <td>0</td>\n",
       "      <td>31</td>\n",
       "      <td>11</td>\n",
       "      <td>4</td>\n",
       "      <td>48</td>\n",
       "      <td>7</td>\n",
       "      <td>21</td>\n",
       "      <td>38</td>\n",
       "      <td>43</td>\n",
       "      <td>14</td>\n",
       "      <td>27</td>\n",
       "      <td>26</td>\n",
       "    </tr>\n",
       "    <tr>\n",
       "      <th>11</th>\n",
       "      <td>4</td>\n",
       "      <td>6</td>\n",
       "      <td>5</td>\n",
       "      <td>0</td>\n",
       "      <td>0</td>\n",
       "      <td>0</td>\n",
       "      <td>0</td>\n",
       "      <td>0</td>\n",
       "      <td>0</td>\n",
       "      <td>4</td>\n",
       "      <td>0</td>\n",
       "      <td>1</td>\n",
       "      <td>5</td>\n",
       "      <td>1</td>\n",
       "      <td>1</td>\n",
       "      <td>1</td>\n",
       "      <td>0</td>\n",
       "    </tr>\n",
       "    <tr>\n",
       "      <th>12</th>\n",
       "      <td>14</td>\n",
       "      <td>80</td>\n",
       "      <td>53</td>\n",
       "      <td>26</td>\n",
       "      <td>2</td>\n",
       "      <td>0</td>\n",
       "      <td>27</td>\n",
       "      <td>11</td>\n",
       "      <td>4</td>\n",
       "      <td>79</td>\n",
       "      <td>4</td>\n",
       "      <td>35</td>\n",
       "      <td>26</td>\n",
       "      <td>53</td>\n",
       "      <td>21</td>\n",
       "      <td>21</td>\n",
       "      <td>15</td>\n",
       "    </tr>\n",
       "    <tr>\n",
       "      <th>13</th>\n",
       "      <td>27</td>\n",
       "      <td>115</td>\n",
       "      <td>103</td>\n",
       "      <td>54</td>\n",
       "      <td>7</td>\n",
       "      <td>2</td>\n",
       "      <td>37</td>\n",
       "      <td>7</td>\n",
       "      <td>6</td>\n",
       "      <td>112</td>\n",
       "      <td>5</td>\n",
       "      <td>47</td>\n",
       "      <td>41</td>\n",
       "      <td>110</td>\n",
       "      <td>39</td>\n",
       "      <td>39</td>\n",
       "      <td>39</td>\n",
       "    </tr>\n",
       "    <tr>\n",
       "      <th>14</th>\n",
       "      <td>37</td>\n",
       "      <td>81</td>\n",
       "      <td>27</td>\n",
       "      <td>12</td>\n",
       "      <td>3</td>\n",
       "      <td>0</td>\n",
       "      <td>21</td>\n",
       "      <td>10</td>\n",
       "      <td>7</td>\n",
       "      <td>60</td>\n",
       "      <td>5</td>\n",
       "      <td>17</td>\n",
       "      <td>69</td>\n",
       "      <td>48</td>\n",
       "      <td>3</td>\n",
       "      <td>27</td>\n",
       "      <td>30</td>\n",
       "    </tr>\n",
       "    <tr>\n",
       "      <th>15</th>\n",
       "      <td>6</td>\n",
       "      <td>19</td>\n",
       "      <td>3</td>\n",
       "      <td>0</td>\n",
       "      <td>0</td>\n",
       "      <td>0</td>\n",
       "      <td>4</td>\n",
       "      <td>0</td>\n",
       "      <td>0</td>\n",
       "      <td>4</td>\n",
       "      <td>0</td>\n",
       "      <td>9</td>\n",
       "      <td>15</td>\n",
       "      <td>4</td>\n",
       "      <td>0</td>\n",
       "      <td>0</td>\n",
       "      <td>1</td>\n",
       "    </tr>\n",
       "    <tr>\n",
       "      <th>16</th>\n",
       "      <td>365</td>\n",
       "      <td>476</td>\n",
       "      <td>169</td>\n",
       "      <td>95</td>\n",
       "      <td>0</td>\n",
       "      <td>0</td>\n",
       "      <td>128</td>\n",
       "      <td>50</td>\n",
       "      <td>15</td>\n",
       "      <td>239</td>\n",
       "      <td>21</td>\n",
       "      <td>241</td>\n",
       "      <td>428</td>\n",
       "      <td>253</td>\n",
       "      <td>47</td>\n",
       "      <td>129</td>\n",
       "      <td>180</td>\n",
       "    </tr>\n",
       "    <tr>\n",
       "      <th>17</th>\n",
       "      <td>93</td>\n",
       "      <td>348</td>\n",
       "      <td>57</td>\n",
       "      <td>10</td>\n",
       "      <td>0</td>\n",
       "      <td>0</td>\n",
       "      <td>17</td>\n",
       "      <td>0</td>\n",
       "      <td>22</td>\n",
       "      <td>33</td>\n",
       "      <td>9</td>\n",
       "      <td>185</td>\n",
       "      <td>73</td>\n",
       "      <td>50</td>\n",
       "      <td>1</td>\n",
       "      <td>35</td>\n",
       "      <td>17</td>\n",
       "    </tr>\n",
       "    <tr>\n",
       "      <th>18</th>\n",
       "      <td>113</td>\n",
       "      <td>560</td>\n",
       "      <td>75</td>\n",
       "      <td>4</td>\n",
       "      <td>0</td>\n",
       "      <td>0</td>\n",
       "      <td>21</td>\n",
       "      <td>0</td>\n",
       "      <td>13</td>\n",
       "      <td>118</td>\n",
       "      <td>10</td>\n",
       "      <td>181</td>\n",
       "      <td>98</td>\n",
       "      <td>58</td>\n",
       "      <td>2</td>\n",
       "      <td>24</td>\n",
       "      <td>27</td>\n",
       "    </tr>\n",
       "    <tr>\n",
       "      <th>19</th>\n",
       "      <td>222</td>\n",
       "      <td>252</td>\n",
       "      <td>64</td>\n",
       "      <td>22</td>\n",
       "      <td>0</td>\n",
       "      <td>0</td>\n",
       "      <td>29</td>\n",
       "      <td>0</td>\n",
       "      <td>6</td>\n",
       "      <td>35</td>\n",
       "      <td>1</td>\n",
       "      <td>118</td>\n",
       "      <td>59</td>\n",
       "      <td>84</td>\n",
       "      <td>2</td>\n",
       "      <td>0</td>\n",
       "      <td>44</td>\n",
       "    </tr>\n",
       "    <tr>\n",
       "      <th>20</th>\n",
       "      <td>272</td>\n",
       "      <td>320</td>\n",
       "      <td>102</td>\n",
       "      <td>36</td>\n",
       "      <td>18</td>\n",
       "      <td>0</td>\n",
       "      <td>45</td>\n",
       "      <td>0</td>\n",
       "      <td>20</td>\n",
       "      <td>70</td>\n",
       "      <td>4</td>\n",
       "      <td>45</td>\n",
       "      <td>198</td>\n",
       "      <td>85</td>\n",
       "      <td>22</td>\n",
       "      <td>0</td>\n",
       "      <td>41</td>\n",
       "    </tr>\n",
       "  </tbody>\n",
       "</table>\n",
       "</div>"
      ],
      "text/plain": [
       "    GH1  GH3  GH5  GH9  GH44  GH48  GH10  GH11  GH39  GH43  GH67  GH16  GH31  \\\n",
       "0    26   67   42   21     7     0    20     2     6    77     5    34    37   \n",
       "1    21   44   50   26     4     0    14     1     4    59     4    17    33   \n",
       "2    24   55   58   21     5     0    20     3     8    64     3    28    37   \n",
       "3    28   62   64   25     4     0    22     0     7    84     5    29    52   \n",
       "4    52  103   65   31    10     0    27     1     8   128     8    45    70   \n",
       "5    19   36   12   12     1     1    14     2     1    26     2     2    15   \n",
       "6    39   68   41   23     9     0    13     1     6    65     5    29    46   \n",
       "7    13   51   55   27    10     0    19     2    10    80     6    27    33   \n",
       "8    20  127   74   45     4     0    36     4     5    91     6    35    60   \n",
       "9    12   54   23   18     1     0    12     7     7    53     5    15    44   \n",
       "10   20   63   48   38     4     0    31    11     4    48     7    21    38   \n",
       "11    4    6    5    0     0     0     0     0     0     4     0     1     5   \n",
       "12   14   80   53   26     2     0    27    11     4    79     4    35    26   \n",
       "13   27  115  103   54     7     2    37     7     6   112     5    47    41   \n",
       "14   37   81   27   12     3     0    21    10     7    60     5    17    69   \n",
       "15    6   19    3    0     0     0     4     0     0     4     0     9    15   \n",
       "16  365  476  169   95     0     0   128    50    15   239    21   241   428   \n",
       "17   93  348   57   10     0     0    17     0    22    33     9   185    73   \n",
       "18  113  560   75    4     0     0    21     0    13   118    10   181    98   \n",
       "19  222  252   64   22     0     0    29     0     6    35     1   118    59   \n",
       "20  272  320  102   36    18     0    45     0    20    70     4    45   198   \n",
       "\n",
       "    GH2  GH26  GH36  GH88  \n",
       "0    63    10    21    34  \n",
       "1    45    21    21    18  \n",
       "2    55    24    14    18  \n",
       "3    42    20    33    16  \n",
       "4   109    30    39    55  \n",
       "5    15     6    12     5  \n",
       "6    63    12    26    40  \n",
       "7    49    29    21    31  \n",
       "8    76    21    54    23  \n",
       "9    28     5    14    14  \n",
       "10   43    14    27    26  \n",
       "11    1     1     1     0  \n",
       "12   53    21    21    15  \n",
       "13  110    39    39    39  \n",
       "14   48     3    27    30  \n",
       "15    4     0     0     1  \n",
       "16  253    47   129   180  \n",
       "17   50     1    35    17  \n",
       "18   58     2    24    27  \n",
       "19   84     2     0    44  \n",
       "20   85    22     0    41  "
      ]
     },
     "execution_count": 3,
     "metadata": {},
     "output_type": "execute_result"
    }
   ],
   "source": [
    "import pandas as pd\n",
    "\n",
    "df = pd.read_csv(\n",
    "    filepath_or_buffer='meta_data.csv', \n",
    "    header=None, \n",
    "    sep=',')\n",
    "\n",
    "df = df.transpose()\n",
    "df.columns=['GH1', 'GH3', 'GH5','GH9','GH44','GH48','GH10','GH11' ,'GH39','GH43', 'GH67', 'GH16', 'GH31', 'GH2', 'GH26', 'GH36', 'GH88']\n",
    "\n",
    "df"
   ]
  },
  {
   "cell_type": "code",
   "execution_count": 4,
   "metadata": {},
   "outputs": [
    {
     "name": "stdout",
     "output_type": "stream",
     "text": [
      "[[ 26  67  42  21   7   0  20   2   6  77   5  34  37  63  10  21  34]\n",
      " [ 21  44  50  26   4   0  14   1   4  59   4  17  33  45  21  21  18]\n",
      " [ 24  55  58  21   5   0  20   3   8  64   3  28  37  55  24  14  18]\n",
      " [ 28  62  64  25   4   0  22   0   7  84   5  29  52  42  20  33  16]\n",
      " [ 52 103  65  31  10   0  27   1   8 128   8  45  70 109  30  39  55]\n",
      " [ 19  36  12  12   1   1  14   2   1  26   2   2  15  15   6  12   5]\n",
      " [ 39  68  41  23   9   0  13   1   6  65   5  29  46  63  12  26  40]\n",
      " [ 13  51  55  27  10   0  19   2  10  80   6  27  33  49  29  21  31]\n",
      " [ 20 127  74  45   4   0  36   4   5  91   6  35  60  76  21  54  23]\n",
      " [ 12  54  23  18   1   0  12   7   7  53   5  15  44  28   5  14  14]\n",
      " [ 20  63  48  38   4   0  31  11   4  48   7  21  38  43  14  27  26]\n",
      " [  4   6   5   0   0   0   0   0   0   4   0   1   5   1   1   1   0]\n",
      " [ 14  80  53  26   2   0  27  11   4  79   4  35  26  53  21  21  15]\n",
      " [ 27 115 103  54   7   2  37   7   6 112   5  47  41 110  39  39  39]\n",
      " [ 37  81  27  12   3   0  21  10   7  60   5  17  69  48   3  27  30]\n",
      " [  6  19   3   0   0   0   4   0   0   4   0   9  15   4   0   0   1]\n",
      " [365 476 169  95   0   0 128  50  15 239  21 241 428 253  47 129 180]\n",
      " [ 93 348  57  10   0   0  17   0  22  33   9 185  73  50   1  35  17]\n",
      " [113 560  75   4   0   0  21   0  13 118  10 181  98  58   2  24  27]\n",
      " [222 252  64  22   0   0  29   0   6  35   1 118  59  84   2   0  44]\n",
      " [272 320 102  36  18   0  45   0  20  70   4  45 198  85  22   0  41]]\n"
     ]
    },
    {
     "name": "stderr",
     "output_type": "stream",
     "text": [
      "/usr/local/lib/python3.5/dist-packages/ipykernel_launcher.py:1: DeprecationWarning:\n",
      "\n",
      "\n",
      ".ix is deprecated. Please use\n",
      ".loc for label based indexing or\n",
      ".iloc for positional indexing\n",
      "\n",
      "See the documentation here:\n",
      "http://pandas.pydata.org/pandas-docs/stable/indexing.html#ix-indexer-is-deprecated\n",
      "\n"
     ]
    }
   ],
   "source": [
    "X = df.ix[:,0:17].values\n",
    "# y = df.ix[:,16].values\n",
    "print(X)"
   ]
  },
  {
   "cell_type": "code",
   "execution_count": 5,
   "metadata": {},
   "outputs": [
    {
     "name": "stderr",
     "output_type": "stream",
     "text": [
      "/usr/local/lib/python3.5/dist-packages/sklearn/utils/validation.py:475: DataConversionWarning:\n",
      "\n",
      "Data with input dtype int64 was converted to float64 by StandardScaler.\n",
      "\n"
     ]
    }
   ],
   "source": [
    "from sklearn.preprocessing import StandardScaler\n",
    "X_std = StandardScaler().fit_transform(X)"
   ]
  },
  {
   "cell_type": "code",
   "execution_count": 6,
   "metadata": {},
   "outputs": [
    {
     "name": "stdout",
     "output_type": "stream",
     "text": [
      "[[ -4.39361114e-01  -4.95418655e-01  -4.03173136e-01  -2.44252105e-01\n",
      "    6.10492494e-01  -3.06186218e-01  -2.61228802e-01  -3.12936880e-01\n",
      "   -2.78801350e-01   8.50403906e-02  -1.10607018e-01  -3.26609911e-01\n",
      "   -3.74771108e-01  -1.03000228e-02  -4.37147592e-01  -2.07792004e-01\n",
      "    5.30018481e-02]\n",
      " [ -4.91725379e-01  -6.46866257e-01  -1.83260516e-01   0.00000000e+00\n",
      "   -5.26286633e-02  -3.06186218e-01  -5.01483028e-01  -4.06817944e-01\n",
      "   -6.33639432e-01  -2.80246742e-01  -3.42881755e-01  -5.87459438e-01\n",
      "   -4.19743641e-01  -3.64246261e-01   4.04361523e-01  -2.07792004e-01\n",
      "   -3.92213676e-01]\n",
      " [ -4.60306820e-01  -5.74434795e-01   3.66521033e-02  -2.44252105e-01\n",
      "    1.68411723e-01  -3.06186218e-01  -2.61228802e-01  -2.19055816e-01\n",
      "    7.60367318e-02  -1.78778094e-01  -5.75156493e-01  -4.18674450e-01\n",
      "   -3.74771108e-01  -1.67609462e-01   6.33864009e-01  -4.68864010e-01\n",
      "   -3.92213676e-01]\n",
      " [ -4.18415409e-01  -5.28342047e-01   2.01586568e-01  -4.88504210e-02\n",
      "   -5.26286633e-02  -3.06186218e-01  -1.81144060e-01  -5.00699008e-01\n",
      "   -1.01382309e-01   2.27096498e-01  -1.10607018e-01  -4.03330360e-01\n",
      "   -2.06124109e-01  -4.23237301e-01   3.27860694e-01   2.39760005e-01\n",
      "   -4.47865617e-01]\n",
      " [ -1.67066939e-01  -2.58370235e-01   2.29075645e-01   2.44252105e-01\n",
      "    1.27361365e+00  -3.06186218e-01   1.90677958e-02  -4.06817944e-01\n",
      "    7.60367318e-02   1.12002060e+00   5.86217195e-01  -1.57824924e-01\n",
      "   -3.74771108e-03   8.94229252e-01   1.09286898e+00   4.63536009e-01\n",
      "    6.37347223e-01]\n",
      " [ -5.12671085e-01  -6.99543684e-01  -1.22784546e+00  -6.83905895e-01\n",
      "   -7.15749821e-01   1.83711731e+00  -5.01483028e-01  -3.12936880e-01\n",
      "   -1.16589655e+00  -9.49939818e-01  -8.07431231e-01  -8.17620785e-01\n",
      "   -6.22120040e-01  -9.54156658e-01  -7.43150907e-01  -5.43456011e-01\n",
      "   -7.53951289e-01]\n",
      " [ -3.03214027e-01  -4.88833977e-01  -4.30662213e-01  -1.46551263e-01\n",
      "    1.05257327e+00  -3.06186218e-01  -5.41525399e-01  -4.06817944e-01\n",
      "   -2.78801350e-01  -1.58484364e-01  -1.10607018e-01  -4.03330360e-01\n",
      "   -2.73582909e-01  -1.03000228e-02  -2.84145935e-01  -2.13120004e-02\n",
      "    2.19957670e-01]\n",
      " [ -5.75508202e-01  -6.00773509e-01  -4.58151291e-02   4.88504210e-02\n",
      "    1.27361365e+00  -3.06186218e-01  -3.01271173e-01  -3.12936880e-01\n",
      "    4.30874814e-01   1.45921579e-01   1.21667720e-01  -4.34018540e-01\n",
      "   -4.19743641e-01  -2.85591541e-01   1.01636815e+00  -2.07792004e-01\n",
      "   -3.04760627e-02]\n",
      " [ -5.02198232e-01  -1.00337956e-01   4.76477342e-01   9.28158000e-01\n",
      "   -5.26286633e-02  -3.06186218e-01   3.79449136e-01  -1.25174752e-01\n",
      "   -4.56220391e-01   3.69152605e-01   1.21667720e-01  -3.11265822e-01\n",
      "   -1.16179044e-01   2.45327816e-01   4.04361523e-01   1.02297602e+00\n",
      "   -2.53083825e-01]\n",
      " [ -5.85981055e-01  -5.81019474e-01  -9.25465607e-01  -3.90803368e-01\n",
      "   -7.15749821e-01  -3.06186218e-01  -5.81567771e-01   1.56468440e-01\n",
      "   -1.01382309e-01  -4.02009119e-01  -1.10607018e-01  -6.18147618e-01\n",
      "   -2.96069175e-01  -6.98528819e-01  -8.19651735e-01  -4.68864010e-01\n",
      "   -5.03517557e-01]\n",
      " [ -5.02198232e-01  -5.21757369e-01  -2.38238671e-01   5.86205053e-01\n",
      "   -5.26286633e-02  -3.06186218e-01   1.79237280e-01   5.31992696e-01\n",
      "   -6.33639432e-01  -5.03477767e-01   3.53942457e-01  -5.26083079e-01\n",
      "   -3.63527975e-01  -4.03573621e-01  -1.31144278e-01   1.59840003e-02\n",
      "   -1.69605914e-01]\n",
      " [ -6.69763878e-01  -8.97084034e-01  -1.42026900e+00  -1.27011095e+00\n",
      "   -9.36790207e-01  -3.06186218e-01  -1.06207622e+00  -5.00699008e-01\n",
      "   -1.34331560e+00  -1.39640187e+00  -1.27198071e+00  -8.32964875e-01\n",
      "   -7.34551372e-01  -1.22944818e+00  -1.12565505e+00  -9.53712020e-01\n",
      "   -8.93081141e-01]\n",
      " [ -5.65035349e-01  -4.09817837e-01  -1.00793284e-01   0.00000000e+00\n",
      "   -4.94709435e-01  -3.06186218e-01   1.90677958e-02   5.31992696e-01\n",
      "   -6.33639432e-01   1.25627850e-01  -3.42881755e-01  -3.11265822e-01\n",
      "   -4.98445574e-01  -2.06936822e-01   4.04361523e-01  -2.07792004e-01\n",
      "   -4.75691587e-01]\n",
      " [ -4.28888261e-01  -1.79354095e-01   1.27366059e+00   1.36781179e+00\n",
      "    6.10492494e-01   3.98042083e+00   4.19491507e-01   1.56468440e-01\n",
      "   -2.78801350e-01   7.95320926e-01  -1.10607018e-01  -1.27136744e-01\n",
      "   -3.29798575e-01   9.13892932e-01   1.78137644e+00   4.63536009e-01\n",
      "    1.92131699e-01]\n",
      " [ -3.24159732e-01  -4.03233159e-01  -8.15509297e-01  -6.83905895e-01\n",
      "   -2.73669049e-01  -3.06186218e-01  -2.21186431e-01   4.38111632e-01\n",
      "   -1.01382309e-01  -2.59953012e-01  -1.10607018e-01  -5.87459438e-01\n",
      "   -1.49908443e-02  -3.05255221e-01  -9.72653393e-01   1.59840003e-02\n",
      "   -5.83020329e-02]\n",
      " [ -6.48818172e-01  -8.11483215e-01  -1.47524716e+00  -1.27011095e+00\n",
      "   -9.36790207e-01  -3.06186218e-01  -9.01906739e-01  -5.00699008e-01\n",
      "   -1.34331560e+00  -1.39640187e+00  -1.27198071e+00  -7.10212156e-01\n",
      "   -6.22120040e-01  -1.17045714e+00  -1.20215588e+00  -9.91008020e-01\n",
      "   -8.65255170e-01]\n",
      " [  3.11093602e+00   2.19771478e+00   3.08793970e+00   3.37067905e+00\n",
      "   -9.36790207e-01  -3.06186218e-01   4.06334728e+00   4.19335419e+00\n",
      "    1.31797002e+00   3.37262458e+00   3.60578878e+00   2.84961668e+00\n",
      "    4.02129399e+00   3.72579916e+00   2.39338307e+00   3.82017608e+00\n",
      "    4.11559351e+00]\n",
      " [  2.62320030e-01   1.35487596e+00   9.16302581e-03  -7.81606737e-01\n",
      "   -9.36790207e-01  -3.06186218e-01  -3.81355915e-01  -5.00699008e-01\n",
      "    2.55990330e+00  -8.07883711e-01   8.18491932e-01   1.99034765e+00\n",
      "    2.99816887e-02  -2.65927861e-01  -1.12565505e+00   3.14352006e-01\n",
      "   -4.20039646e-01]\n",
      " [  4.71777088e-01   2.75082776e+00   5.03966420e-01  -1.07470926e+00\n",
      "   -9.36790207e-01  -3.06186218e-01  -2.21186431e-01  -5.00699008e-01\n",
      "    9.63131936e-01   9.17083303e-01   1.05076667e+00   1.92897129e+00\n",
      "    3.11060020e-01  -1.08618422e-01  -1.04915422e+00  -9.59040020e-02\n",
      "   -1.41779944e-01]\n",
      " [  1.61331805e+00   7.22746836e-01   2.01586568e-01  -1.95401684e-01\n",
      "   -9.36790207e-01  -3.06186218e-01   9.91525379e-02  -5.00699008e-01\n",
      "   -2.78801350e-01  -7.67296252e-01  -1.03970597e+00   9.62293632e-01\n",
      "   -1.27422177e-01   4.02637255e-01  -1.04915422e+00  -9.91008020e-01\n",
      "    3.31261551e-01]\n",
      " [  2.13696070e+00   1.17050496e+00   1.24617151e+00   4.88504210e-01\n",
      "    3.04193674e+00  -3.06186218e-01   7.39830475e-01  -5.00699008e-01\n",
      "    2.20506522e+00  -5.70157164e-02  -3.42881755e-01  -1.57824924e-01\n",
      "    1.43537334e+00   4.22300935e-01   4.80862351e-01  -9.91008020e-01\n",
      "    2.47783640e-01]]\n"
     ]
    }
   ],
   "source": [
    "print(X_std)"
   ]
  },
  {
   "cell_type": "code",
   "execution_count": 7,
   "metadata": {},
   "outputs": [
    {
     "name": "stdout",
     "output_type": "stream",
     "text": [
      "[ -2.11471052e-17  -5.28677631e-17   7.40148683e-17   1.32169408e-17\n",
      "  -4.22942105e-17   5.28677631e-18  -1.05735526e-16   0.00000000e+00\n",
      "   6.34413157e-17   1.65211760e-17   4.75809868e-17  -3.70074342e-17\n",
      "   4.22942105e-17  -4.49375986e-17   2.11471052e-17  -1.05735526e-17\n",
      "  -4.49375986e-17]\n",
      "Covariance matrix \n",
      "[[  1.05000000e+00   8.14695155e-01   7.92755318e-01   5.92359850e-01\n",
      "    1.00263744e-01  -1.46864259e-01   8.28200825e-01   5.91707695e-01\n",
      "    6.61995341e-01   5.76058709e-01   6.05283613e-01   7.67303478e-01\n",
      "    9.26911704e-01   7.93122192e-01   3.22704634e-01   4.89466418e-01\n",
      "    8.16538072e-01]\n",
      " [  8.14695155e-01   1.05000000e+00   7.12258476e-01   3.29818499e-01\n",
      "   -1.10703104e-01  -1.13407749e-01   6.06542595e-01   3.90419739e-01\n",
      "    7.85304189e-01   5.73075356e-01   7.03825797e-01   9.60904772e-01\n",
      "    7.36601562e-01   6.08832179e-01   1.11663291e-01   4.63697725e-01\n",
      "    5.83594948e-01]\n",
      " [  7.92755318e-01   7.12258476e-01   1.05000000e+00   9.05351498e-01\n",
      "    2.52972305e-01   1.41401848e-01   9.31032298e-01   6.72316361e-01\n",
      "    6.36947399e-01   9.05390834e-01   8.00468454e-01   7.10977437e-01\n",
      "    8.65954328e-01   9.59740431e-01   8.02270543e-01   7.79689433e-01\n",
      "    8.60205320e-01]\n",
      " [  5.92359850e-01   3.29818499e-01   9.05351498e-01   1.05000000e+00\n",
      "    2.18657797e-01   2.19872687e-01   9.51342760e-01   8.27567069e-01\n",
      "    2.90777677e-01   8.55937836e-01   7.41508069e-01   4.15184190e-01\n",
      "    7.81858919e-01   9.35219756e-01   8.99706269e-01   8.65505633e-01\n",
      "    8.77502805e-01]\n",
      " [  1.00263744e-01  -1.10703104e-01   2.52972305e-01   2.18657797e-01\n",
      "    1.05000000e+00   5.41436158e-02   3.55725147e-02  -2.41409194e-01\n",
      "    3.15975145e-01   1.41962795e-01  -7.02897765e-02  -3.18210718e-01\n",
      "    6.57746030e-02   1.36127219e-01   4.43398397e-01  -1.45034149e-01\n",
      "    5.33643255e-02]\n",
      " [ -1.46864259e-01  -1.13407749e-01   1.41401848e-01   2.19872687e-01\n",
      "    5.41436158e-02   1.05000000e+00   3.61682454e-02   2.77555756e-18\n",
      "   -1.84699101e-01   6.86609464e-02  -1.10234951e-01  -1.14869739e-01\n",
      "   -1.37355449e-01   9.36226279e-02   3.02163142e-01   4.11102771e-02\n",
      "   -3.96176679e-02]\n",
      " [  8.28200825e-01   6.06542595e-01   9.31032298e-01   9.51342760e-01\n",
      "    3.55725147e-02   3.61682454e-02   1.05000000e+00   9.36860377e-01\n",
      "    4.53506729e-01   8.88713757e-01   8.60216165e-01   6.71672709e-01\n",
      "    9.79939063e-01   9.87266247e-01   7.21116714e-01   8.97150912e-01\n",
      "    9.87862872e-01]\n",
      " [  5.91707695e-01   3.90419739e-01   6.72316361e-01   8.27567069e-01\n",
      "   -2.41409194e-01   2.77555756e-18   9.36860377e-01   1.05000000e+00\n",
      "    2.05705161e-01   7.73636964e-01   8.21730284e-01   5.41563297e-01\n",
      "    8.54001465e-01   8.28629049e-01   5.82458512e-01   8.91978652e-01\n",
      "    9.04694004e-01]\n",
      " [  6.61995341e-01   7.85304189e-01   6.36947399e-01   2.90777677e-01\n",
      "    3.15975145e-01  -1.84699101e-01   4.53506729e-01   2.05705161e-01\n",
      "    1.05000000e+00   4.21669287e-01   6.04314645e-01   7.16732126e-01\n",
      "    6.20266243e-01   4.80694568e-01   2.20847278e-01   3.36853617e-01\n",
      "    4.32927092e-01]\n",
      " [  5.76058709e-01   5.73075356e-01   9.05390834e-01   8.55937836e-01\n",
      "    1.41962795e-01   6.86609464e-02   8.88713757e-01   7.73636964e-01\n",
      "    4.21669287e-01   1.05000000e+00   9.13260941e-01   6.16443080e-01\n",
      "    8.17336844e-01   9.47843993e-01   8.12327801e-01   9.07920163e-01\n",
      "    9.02643827e-01]\n",
      " [  6.05283613e-01   7.03825797e-01   8.00468454e-01   7.41508069e-01\n",
      "   -7.02897765e-02  -1.10234951e-01   8.60216165e-01   8.21730284e-01\n",
      "    6.04314645e-01   9.13260941e-01   1.05000000e+00   8.03004668e-01\n",
      "    8.60966648e-01   8.54501692e-01   5.63157031e-01   9.50012801e-01\n",
      "    8.81282245e-01]\n",
      " [  7.67303478e-01   9.60904772e-01   7.10977437e-01   4.15184190e-01\n",
      "   -3.18210718e-01  -1.14869739e-01   6.71672709e-01   5.41563297e-01\n",
      "    7.16732126e-01   6.16443080e-01   8.03004668e-01   1.05000000e+00\n",
      "    7.42524592e-01   6.98754134e-01   1.77349788e-01   6.37328383e-01\n",
      "    6.94594487e-01]\n",
      " [  9.26911704e-01   7.36601562e-01   8.65954328e-01   7.81858919e-01\n",
      "    6.57746030e-02  -1.37355449e-01   9.79939063e-01   8.54001465e-01\n",
      "    6.20266243e-01   8.17336844e-01   8.60966648e-01   7.42524592e-01\n",
      "    1.05000000e+00   9.13898811e-01   5.46513265e-01   8.02397261e-01\n",
      "    9.60958626e-01]\n",
      " [  7.93122192e-01   6.08832179e-01   9.59740431e-01   9.35219756e-01\n",
      "    1.36127219e-01   9.36226279e-02   9.87266247e-01   8.28629049e-01\n",
      "    4.80694568e-01   9.47843993e-01   8.54501692e-01   6.98754134e-01\n",
      "    9.13898811e-01   1.05000000e+00   7.73966821e-01   8.87815260e-01\n",
      "    1.00765034e+00]\n",
      " [  3.22704634e-01   1.11663291e-01   8.02270543e-01   8.99706269e-01\n",
      "    4.43398397e-01   3.02163142e-01   7.21116714e-01   5.82458512e-01\n",
      "    2.20847278e-01   8.12327801e-01   5.63157031e-01   1.77349788e-01\n",
      "    5.46513265e-01   7.73966821e-01   1.05000000e+00   6.86677694e-01\n",
      "    6.70710837e-01]\n",
      " [  4.89466418e-01   4.63697725e-01   7.79689433e-01   8.65505633e-01\n",
      "   -1.45034149e-01   4.11102771e-02   8.97150912e-01   8.91978652e-01\n",
      "    3.36853617e-01   9.07920163e-01   9.50012801e-01   6.37328383e-01\n",
      "    8.02397261e-01   8.87815260e-01   6.86677694e-01   1.05000000e+00\n",
      "    8.87724490e-01]\n",
      " [  8.16538072e-01   5.83594948e-01   8.60205320e-01   8.77502805e-01\n",
      "    5.33643255e-02  -3.96176679e-02   9.87862872e-01   9.04694004e-01\n",
      "    4.32927092e-01   9.02643827e-01   8.81282245e-01   6.94594487e-01\n",
      "    9.60958626e-01   1.00765034e+00   6.70710837e-01   8.87724490e-01\n",
      "    1.05000000e+00]]\n"
     ]
    }
   ],
   "source": [
    "import numpy as np\n",
    "mean_vec = np.mean(X_std, axis=0)\n",
    "print(mean_vec)\n",
    "cov_mat = (X_std - mean_vec).T.dot((X_std - mean_vec)) / (X_std.shape[0]-1)\n",
    "print('Covariance matrix \\n%s' %cov_mat)"
   ]
  },
  {
   "cell_type": "code",
   "execution_count": 8,
   "metadata": {},
   "outputs": [
    {
     "name": "stdout",
     "output_type": "stream",
     "text": [
      "Eigenvectors \n",
      "[[  2.41072865e-01   2.35550700e-01   1.63499057e-01  -1.90496383e-02\n",
      "    5.63497105e-01  -7.19098265e-02  -9.96974164e-03  -6.36125352e-02\n",
      "    2.42123159e-02   1.41944082e-01   1.16850284e-01  -3.49130722e-01\n",
      "    2.21304425e-01  -4.60849974e-02  -3.15320583e-01  -4.74837861e-01\n",
      "   -1.34462476e-02]\n",
      " [  2.10013059e-01   4.15582133e-01   1.13259093e-01   2.68246533e-01\n",
      "   -3.72599698e-02  -2.38660832e-01   1.39503663e-01   4.04345347e-01\n",
      "   -2.04730495e-01  -1.44101408e-01   1.28948860e-01   2.63198900e-01\n",
      "   -3.74841339e-02   3.82537769e-01   3.36739530e-01  -2.17677390e-01\n",
      "    1.67034198e-04]\n",
      " [  2.82740228e-01  -5.45367328e-02   1.89482592e-01   1.42216015e-01\n",
      "   -7.87536677e-03  -2.63127656e-01  -3.51547290e-01   1.52619419e-01\n",
      "   -1.34648541e-01  -1.25597038e-02  -1.63186054e-01   5.41125164e-02\n",
      "   -4.19973683e-01  -4.72441343e-01  -8.86344249e-02  -4.47130686e-04\n",
      "    4.35313088e-01]\n",
      " [  2.62749307e-01  -2.92597301e-01  -6.19012801e-04  -2.17806385e-02\n",
      "    9.27794965e-02   4.10318857e-02  -3.50106387e-01  -7.34342319e-02\n",
      "   -4.86153142e-01  -2.94607574e-01   5.67475751e-03  -3.12185945e-01\n",
      "   -1.60811448e-01   2.25423801e-01   8.86416462e-02   8.48564294e-02\n",
      "   -4.40739365e-01]\n",
      " [  2.02568286e-02  -2.47534436e-01   7.10205451e-01  -2.16129884e-01\n",
      "   -1.49530724e-02   9.76689703e-02   3.56693261e-01  -3.65184284e-02\n",
      "   -1.84036314e-01  -1.79447337e-01   1.28441987e-01   3.27995366e-01\n",
      "    3.98659577e-02  -1.24580875e-01  -1.71096246e-01  -1.96237703e-02\n",
      "   -1.09399414e-01]\n",
      " [  3.02107170e-03  -3.44871164e-01   1.37149977e-02   8.53028347e-01\n",
      "    1.42277903e-01   2.64692332e-01   2.33732336e-01  -1.19092919e-02\n",
      "    2.30780471e-02   4.80118790e-02   2.00536562e-02  -4.95131266e-02\n",
      "    1.10512572e-02  -4.19108562e-02  -2.11098368e-02   6.25905032e-03\n",
      "    8.75991378e-03]\n",
      " [  2.93680257e-01  -6.73151499e-02  -6.67034404e-02  -5.42989146e-02\n",
      "    2.16983678e-01   7.99341200e-02  -1.23544325e-01   1.64201991e-01\n",
      "   -1.41225494e-01  -1.57502545e-02  -6.18007192e-02   1.55533936e-01\n",
      "    7.04360786e-01  -2.16086096e-01   2.60630863e-01   3.51235352e-01\n",
      "    1.54308460e-01]\n",
      " [  2.52362455e-01  -9.74928144e-02  -3.44048100e-01  -1.43399441e-01\n",
      "    1.55795633e-01   3.91804881e-01   8.73842294e-03   2.75301224e-01\n",
      "    2.78347344e-01  -4.23022479e-01  -1.78615718e-01   3.27053376e-01\n",
      "   -1.40891198e-01  -3.48416428e-02  -1.96505126e-01  -2.70761640e-01\n",
      "   -7.70858785e-02]\n",
      " [  1.73879716e-01   3.29426555e-01   4.26963932e-01   7.50620257e-02\n",
      "   -2.71787487e-01   5.24251900e-01  -2.58255852e-01  -1.20772816e-01\n",
      "    2.19615597e-01   6.93937250e-02  -3.46138735e-01  -1.44012644e-01\n",
      "    3.61311640e-02   4.54805605e-02   2.02045791e-01  -5.22238007e-02\n",
      "   -5.29045977e-02]\n",
      " [  2.75555555e-01  -1.32391601e-01  -1.05528770e-02  -1.27685416e-02\n",
      "   -2.99039380e-01  -3.58716374e-01   3.64497152e-01   2.85160066e-01\n",
      "    1.62983078e-01   9.19367175e-02  -4.23865849e-01  -2.92180812e-01\n",
      "    1.17393881e-01  -1.64598497e-01  -5.40287917e-02  -1.22106032e-02\n",
      "   -3.60556307e-01]\n",
      " [  2.74347026e-01   7.54188800e-02  -1.14362405e-01  -5.08873358e-02\n",
      "   -4.24938188e-01   2.13385115e-01   2.33620740e-01   4.47158505e-02\n",
      "   -1.22866992e-01  -2.58937433e-01   3.64151112e-01  -4.04220926e-01\n",
      "    8.08286886e-02   4.75057926e-02  -2.37674790e-01   7.41753954e-02\n",
      "    4.14447510e-01]\n",
      " [  2.28696261e-01   3.78396788e-01  -7.80428247e-02   2.51525333e-01\n",
      "   -1.30338232e-01  -1.72704445e-01  -1.11099414e-01  -3.43338750e-01\n",
      "    1.49585703e-01  -1.80957811e-01   2.55367303e-01   2.53474757e-01\n",
      "    5.05879943e-02  -2.45575411e-01  -2.87693099e-01   2.66343955e-01\n",
      "   -3.96184787e-01]\n",
      " [  2.85037685e-01   9.78194133e-02   1.67740925e-02  -1.36022503e-01\n",
      "    2.38590598e-01   2.27385795e-01   1.49990851e-01   2.73565314e-01\n",
      "    5.34302004e-02   4.96558126e-01   1.69572380e-01   1.07551775e-02\n",
      "   -3.63306081e-01   1.29186289e-01  -1.00178901e-01   4.86019383e-01\n",
      "   -1.05877741e-01]\n",
      " [  2.92959935e-01  -9.19698740e-02   1.48540590e-02   1.31404275e-02\n",
      "    8.74809047e-02  -2.09950085e-01   1.05593778e-01  -4.23867375e-01\n",
      "    5.78521847e-02  -2.85530605e-02  -4.03588360e-01   1.69015572e-01\n",
      "    2.29226927e-02   5.43593772e-01  -2.21597334e-01   1.65063039e-01\n",
      "    3.07886920e-01]\n",
      " [  2.08089927e-01  -4.26654828e-01   1.59869623e-01  -1.01888095e-02\n",
      "   -1.70854174e-01  -1.75178653e-01  -3.53368583e-01   1.03404982e-01\n",
      "    5.21228440e-01   1.19628391e-01   4.24855545e-01   4.88044044e-02\n",
      "    1.10580582e-01   2.30369149e-01   7.05796407e-02  -1.19985839e-01\n",
